51075.394157 20.178 0.049 51075.395823 19.959 0.02 51075.39249 19.753 0.021 51075.393323 19.461 0.031 51075.39499 19.577 0.118 34.042938 -0.988751
51818.363811 20.407 0.053 51818.365477 20.285 0.025 51818.362144 20.043 0.022 51818.362977 19.683 0.025 51818.364644 19.617 0.077 34.042938 -0.988751
52170.414815 20.097 0.045 52170.416481 19.875 0.019 52170.413148 19.693 0.017 52170.413981 19.465 0.021 52170.415648 19.611 0.078 34.042938 -0.988751
52173.328171 20.097 0.052 52173.329837 19.852 0.021 52173.326504 19.708 0.021 52173.327337 19.42 0.026 52173.329004 19.401 0.092 34.042938 -0.988751
52224.308337 20.007 0.041 52224.310003 19.824 0.016 52224.30667 19.784 0.018 52224.307503 19.43 0.019 52224.30917 19.483 0.065 34.042938 -0.988751
52234.264826 19.969 0.043 52234.266492 19.855 0.018 52234.263159 19.729 0.018 52234.263992 19.45 0.019 52234.265659 19.507 0.063 34.042938 -0.988751
52261.22818 20.16 0.045 52261.229846 19.951 0.019 52261.226513 19.757 0.018 52261.227346 19.487 0.021 52261.229013 19.692 0.075 34.042938 -0.988751
52287.108673 20.126 0.044 52287.110339 19.919 0.019 52287.107006 19.795 0.021 52287.107839 19.517 0.023 52287.109506 19.455 0.061 34.042938 -0.988751
52552.427373 20.207 0.066 52552.429039 19.912 0.023 52552.425706 19.727 0.026 52552.426539 19.536 0.035 52552.428206 19.533 0.11 34.042938 -0.988751
52557.401732 20.178 0.05 52557.403398 19.979 0.021 52557.400065 19.829 0.021 52557.400898 19.54 0.023 52557.402565 19.61 0.088 34.042938 -0.988751
52908.3763 19.808 0.039 52908.377966 19.628 0.017 52908.374633 19.56 0.018 52908.375466 19.349 0.022 52908.377133 19.412 0.068 34.042938 -0.988751
52912.355738 19.805 0.039 52912.357404 19.648 0.018 52912.354071 19.533 0.019 52912.354904 19.286 0.021 52912.356571 19.458 0.062 34.042938 -0.988751
52934.308203 19.853 0.04 52934.309869 19.648 0.016 52934.306536 19.58 0.018 52934.307369 19.315 0.021 52934.309036 19.554 0.089 34.042938 -0.988751
52936.30413 19.885 0.037 52936.305796 19.665 0.015 52936.302463 19.568 0.017 52936.303296 19.351 0.02 52936.304963 19.442 0.067 34.042938 -0.988751
53270.368189 19.69 0.033 53270.369855 19.566 0.018 53270.366522 19.475 0.017 53270.367355 19.307 0.02 53270.369022 19.427 0.056 34.042938 -0.988751
53272.418129 19.707 0.035 53272.419795 19.54 0.016 53272.416462 19.479 0.018 53272.417295 19.253 0.021 53272.418962 19.224 0.06 34.042938 -0.988751
53286.386849 19.667 0.039 53286.388515 19.516 0.016 53286.385182 19.472 0.017 53286.386015 19.286 0.02 53286.387682 19.311 0.058 34.042938 -0.988751
53288.345341 19.653 0.033 53288.347007 19.494 0.014 53288.343674 19.478 0.014 53288.344507 19.255 0.016 53288.346174 19.426 0.065 34.042938 -0.988751
53294.393016 19.59 0.034 53294.394682 19.548 0.015 53294.391349 19.449 0.017 53294.392182 19.2 0.019 53294.393849 19.429 0.067 34.042938 -0.988751
53296.340025 19.638 0.037 53296.341691 19.496 0.021 53296.338358 19.43 0.019 53296.339191 19.259 0.025 53296.340858 19.228 0.057 34.042938 -0.988751
53298.389792 19.597 0.039 53298.391458 19.514 0.016 53298.388125 19.463 0.021 53298.388958 19.278 0.024 53298.390625 19.393 0.096 34.042938 -0.988751
53302.34101 19.607 0.053 53302.342676 19.495 0.023 53302.339343 19.44 0.025 53302.340176 19.242 0.024 53302.341843 19.31 0.067 34.042938 -0.988751
53312.296571 -99.99 0.053 53312.298237 19.525 0.028 53312.294904 19.416 0.022 53312.295737 19.271 0.025 53312.297404 19.346 0.084 34.042938 -0.988751
53314.29774 19.684 0.04 53314.299406 19.544 0.017 53314.296073 19.422 0.017 53314.296906 19.248 0.022 53314.298573 19.301 0.066 34.042938 -0.988751
53319.285537 19.689 0.043 53319.287203 19.509 0.017 53319.28387 19.449 0.023 53319.284703 19.255 0.026 53319.28637 19.211 0.074 34.042938 -0.988751
53616.402095 20.061 0.057 53616.403761 19.769 0.02 53616.400428 19.602 0.018 53616.401261 19.356 0.022 53616.402928 19.344 0.068 34.042938 -0.988751
53628.363386 20.15 0.087 53628.365052 19.801 0.033 53628.361719 19.632 0.025 53628.362552 19.374 0.026 53628.364219 19.528 0.086 34.042938 -0.988751
53637.365004 19.954 0.07 53637.36667 19.8 0.029 53637.363337 19.612 0.026 53637.36417 19.364 0.027 53637.365837 19.297 0.076 34.042938 -0.988751
53639.410382 20.148 0.053 53639.412048 19.809 0.019 53639.408715 19.658 0.017 53639.409548 19.356 0.018 53639.411215 19.432 0.059 34.042938 -0.988751
53641.409548 20.11 0.052 53641.411214 19.812 0.019 53641.407881 19.633 0.016 53641.408714 19.38 0.019 53641.410381 19.29 0.056 34.042938 -0.988751
53657.368432 20.096 0.103 53657.370098 19.869 0.048 53657.366765 19.548 0.033 53657.367598 19.398 0.033 53657.369265 19.571 0.111 34.042938 -0.988751
53663.35298 20.047 0.095 53663.354646 19.849 0.034 53663.351313 19.658 0.024 53663.352146 19.387 0.024 53663.353813 19.417 0.068 34.042938 -0.988751
53665.330952 20.035 0.08 53665.332618 19.804 0.035 53665.329285 19.678 0.022 53665.330118 19.417 0.023 53665.331785 19.538 0.082 34.042938 -0.988751
53666.423069 20.032 0.09 53666.424735 19.883 0.03 53666.421402 19.639 0.023 53666.422235 19.356 0.022 53666.423902 19.44 0.074 34.042938 -0.988751
53668.342582 20.1 0.065 53668.344248 19.836 0.024 53668.340915 19.65 0.023 53668.341748 19.417 0.025 53668.343415 19.421 0.083 34.042938 -0.988751
53669.430201 20.132 0.095 53669.431867 19.884 0.027 53669.428534 19.651 0.025 53669.429367 19.418 0.025 53669.431034 19.457 0.086 34.042938 -0.988751
53670.347434 20.065 0.061 53670.3491 19.823 0.021 53670.345767 19.614 0.021 53670.3466 19.364 0.028 53670.348267 19.537 0.084 34.042938 -0.988751
53673.31542 20.065 0.045 53673.317086 19.842 0.02 53673.313753 19.646 0.022 53673.314586 19.425 0.025 53673.316253 19.371 0.055 34.042938 -0.988751
53675.312307 20.089 0.053 53675.313973 19.848 0.02 53675.31064 19.654 0.022 53675.311473 19.391 0.024 53675.31314 19.278 0.067 34.042938 -0.988751
53677.333338 20.084 0.046 53677.335004 19.844 0.017 53677.331671 19.671 0.017 53677.332504 19.406 0.018 53677.334171 19.411 0.052 34.042938 -0.988751
53680.320005 20.076 0.046 53680.321671 19.827 0.016 53680.318338 19.658 0.018 53680.319171 19.414 0.02 53680.320838 19.48 0.062 34.042938 -0.988751
53683.378562 20.125 0.067 53683.380228 19.861 0.021 53683.376895 19.696 0.025 53683.377728 19.394 0.029 53683.379395 19.387 0.106 34.042938 -0.988751
53686.319438 20.002 0.135 53686.321104 19.893 0.074 53686.317771 19.57 0.038 53686.318604 19.416 0.038 53686.320271 19.465 0.114 34.042938 -0.988751
53693.321898 19.967 0.124 53693.323564 19.806 0.053 53693.320231 19.658 0.035 53693.321064 19.427 0.031 53693.322731 19.526 0.111 34.042938 -0.988751
53698.319287 20.087 0.066 53698.320953 19.771 0.024 53698.31762 19.642 0.022 53698.318453 19.419 0.025 53698.32012 19.555 0.087 34.042938 -0.988751
53699.342738 20.031 0.057 53699.344404 19.866 0.022 53699.341071 19.638 0.018 53699.341904 19.371 0.019 53699.343571 19.314 0.06 34.042938 -0.988751
53704.305219 20.068 0.054 53704.306885 19.811 0.02 53704.303552 19.656 0.021 53704.304385 19.404 0.025 53704.306052 19.555 0.092 34.042938 -0.988751
53989.40133 19.631 0.061 53989.402996 19.477 0.028 53989.399663 19.445 0.026 53989.400496 19.226 0.025 53989.402163 19.357 0.057 34.042938 -0.988751
53995.440001 -99.99 0.029 53995.441668 19.51 0.022 53995.438334 19.44 0.015 53995.439168 19.255 0.02 53995.440834 19.36 0.047 34.042938 -0.988751
54000.376768 19.664 0.034 54000.378435 19.53 0.023 54000.375102 19.42 0.018 54000.375935 19.247 0.02 54000.377602 19.361 0.063 34.042938 -0.988751
54007.426847 19.767 0.046 54007.428514 19.563 0.022 54007.42518 19.443 0.017 54007.426014 19.305 0.022 54007.42768 19.399 0.057 34.042938 -0.988751
54009.350648 19.72 0.03 54009.352315 19.554 0.019 54009.348982 19.457 0.015 54009.349815 19.271 0.02 54009.351482 19.434 0.051 34.042938 -0.988751
54011.415111 19.758 0.031 54011.416778 19.599 0.033 54011.413445 19.487 0.021 54011.414278 19.241 0.017 54011.415945 19.334 0.047 34.042938 -0.988751
54025.414117 19.773 0.042 54025.415783 19.608 0.027 54025.41245 19.476 0.017 54025.413283 19.317 0.02 54025.41495 19.407 0.068 34.042938 -0.988751
54346.407905 20.252 0.096 54346.409571 19.888 0.035 54346.406238 19.704 0.031 54346.407071 19.448 0.026 54346.408738 19.52 0.068 34.042938 -0.988751
54348.411904 20.272 0.076 54348.41357 19.906 0.026 54348.410237 19.72 0.028 54348.41107 19.466 0.031 54348.412737 19.43 0.075 34.042938 -0.988751
54355.421982 20.163 0.048 54355.423649 19.934 0.023 54355.420315 19.722 0.02 54355.421149 19.475 0.022 54355.422815 19.544 0.059 34.042938 -0.988751
54358.367686 20.185 0.057 54358.369353 19.936 0.026 54358.36602 19.722 0.022 54358.366853 19.517 0.027 54358.36852 19.557 0.08 34.042938 -0.988751
54365.400756 20.156 0.038 54365.402422 19.905 0.026 54365.399089 19.742 0.018 54365.399922 19.444 0.02 54365.401589 19.552 0.06 34.042938 -0.988751
54381.420338 20.236 0.045 54381.422005 19.973 0.024 54381.418672 19.779 0.028 54381.419505 19.503 0.02 54381.421172 19.567 0.06 34.042938 -0.988751
54384.426979 20.243 0.059 54384.428646 19.977 0.027 54384.425313 19.732 0.021 54384.426146 19.493 0.021 54384.427813 19.553 0.064 34.042938 -0.988751
54386.412659 20.25 0.061 54386.414326 19.953 0.022 54386.410992 19.774 0.023 54386.411826 19.489 0.027 54386.413492 19.575 0.071 34.042938 -0.988751
54388.416931 20.178 0.053 54388.418598 20.011 0.024 54388.415264 19.759 0.019 54388.416098 19.478 0.021 54388.417764 19.529 0.061 34.042938 -0.988751
54392.414506 20.296 0.064 54392.416173 -99.99 0.031 54392.41284 19.768 0.035 54392.413673 19.532 0.025 54392.41534 19.474 0.077 34.042938 -0.988751
54403.330724 20.213 0.225 54403.332391 20.028 0.206 54403.329057 19.895 0.09 54403.329891 19.567 0.093 54403.331557 -99.99 0.273 34.042938 -0.988751
54405.386196 20.2 0.074 54405.387863 20.037 0.034 54405.38453 19.817 0.027 54405.385363 19.503 0.025 54405.38703 19.606 0.072 34.042938 -0.988751
54406.324542 20.284 0.053 54406.326209 20.026 0.024 54406.322876 19.838 0.022 54406.323709 19.472 0.02 54406.325376 19.622 0.059 34.042938 -0.988751
54412.350265 20.253 0.057 54412.351931 20.094 0.027 54412.348598 19.847 0.022 54412.349431 19.554 0.024 54412.351098 19.595 0.076 34.042938 -0.988751
